$ANSIBLE_VAULT;1.1;AES256
62336264343831393238653264643037376435383365316635623231623533366230326462393538
6564333939666138373733356134616534366630383933300a313261613366346534666531326136
62346439666134346231323839353134633037343837353532393863333465646465343262313637
6235376565376163340a336164373564333838383739396130326436616239306464633637346662
34666437646163386166303366363136356263323931386661323539303662646333393837663130
65313832643139626637373362303966643638386536373030656434666239393464336461616364
31623233633339306238353165346138383034383265663438656664653835623537343439366236
34616434323537306438383734623636333230336136653462373337373331333036386434313738
30306233306134623239653834326533666163646431653631386236386136633334623366643663
30373063343862396463346462663662393564383838376461313931313962366632313039383563
39636238303761643739633166383164346534666262653231303637336239643633316632343766
65383733396133363765343463326439356131633030393564626232623334636530613837616435
38386164373538316336383338656436393736363464373838643535373937623439316235616236
33653962393937376237356239626434346164666235616361343833373437613561323863356265
31616130613861633961303933623764336231623065643966656433613563653231343634336362
66313165386332376561396466363664353030633861643630303962376135313131653037613163
64353034623031386563623334613439366533633637333038376435636631386436346430623361
33333831333433323034373733653562656132663738656330366431313465663238636364323938
37613264326165346439626561316531626562393865636262663463306666333664313961653636
66303635333864353962626331303262613666623838363731363038346362316439313864393635
30623666303161303365346561393864366538363662653636373938393066626639633661616537
30326339343163653731343537383736343763343763663362343337363333646431346365626463
37616439653864663962383235356134326366643665303366353633313863643630303464386631
66623365626530623131646434333733623466303731376464323636353061366437636639346563
35336230616139613732623730646331636162346539356634313135633435393033343833323133
35626538373331303938373835653930323332346561376635303766323963313363623732323664
30646638393965373430633831386230383562393836326661636532353066633464643935363738
31363236306661643639
