$ANSIBLE_VAULT;1.1;AES256
30373534376439646138303034663364663062613638303432333432623463383233653734353035
6632613765643463663031356539656364323062623466660a333062613565343137363531313965
34313937663631323434333863653139306635613639356361616231343734333135663762316239
6335383866353263660a333765666563643238386665363635346464343464623961343566393364
65613562323039386337343434663430633235343865313463643839363836623238376435373235
62393766306266343635353063323539663861653634353338643866336463336435653764366265
65343164616235666336386430633865643463623236376430393036383431636663393130636663
37336462623364363737343639356536333935656661313261376139616662353563316262333662
32626538636665643566636261363139386164323865346135663331316462663739336564363836
33643036366563363463313164333036363837303336373566323664663239396632616138396639
333366303363616433306637306464636436
